5465903
3409821
17490083
11847104
16458073
8865852
20759538
114298890
114385000
9117269
122764755
96895038
117269272
115242160
155521777
129183779
168690112
127740468
176244320
132566443
187614764
137618961
216650707
223126698
226237163
6296102
152801192
153569978
160400674
157029810
290415058
252324568
2241115
278030956
245418488
160470436
250005032
158046506
153218146
164672422
295412062
262870738
263744172
261068120
259964750
302449710
256948456
262128241
253895631
140294886
263531182
261850383
259646951
258396574
259629191
257275415
253809847
251414247
326942971
250658273
249250037
245880530
245499204
99575144
241657519
89886964
243997506
80205773
84767518
231094713
227833146
224058868
219079625
222530716
220278198
216912710
216909998
67485352
67519446
212274135
211731853
206846826
206891196
205586889
321185836
202700424
206028045
199282638
194441350
313146624
58462669
309144487
59292555
184600004
180082834
180248570
175931013
175933351
173150533
170023943
168625735
301380309
301050027
165435166
165327800
298408709
45725575
161628122
162503779
296485913
299219616
294297037
160809468
292476727
159085336
292953928
293044603
159225153
293228135
155499423
153967925
290572445
150965878
150137371
147605508
147535738
288214234
143090253
142947893
283603033
283492221
139771385
138758654
138579297
134442500
281603185
283209280
128403177
128309469
277486209
124180051
119951145
275262242
120444305
274166028
117042271
277983741
267842535
112380634
266351275
108506272
108468125
254826732
104691233
104650730
104426164
104375960
249944406
100196607
100160815
100642916
97337439
100639801
246401468
242020800
94636065
242231015
94453823
239060618
91632079
89021375
88098688
84155111
84612997
84729586
85009020
82327253
217176413
221698805
215068999
212988141
80273521
211260957
80840374
208772696
76829504
76576496
76583192
75947656
72788951
69303211
69270348
69605401
204574604
201026031
196826107
64671769
64533152
97836798
94704406
