9596366
26684647
31578725
30391933
35106648
31813062
52627499
53391431
53832304
34412554
64913221
63594463
67720017
43182018
48751106
76909793
47613146
74085207
76446720
80976500
89790038
56502109
87524615
86166296
109451897
85101566
105312468
85312092
46763381
84480547
83822427
87620121
45859115
46093908
112056558
86112329
115267902
85797993
112753672
83420449
81226385
111608623
85338122
33523576
113814102
85197867
84490341
83364656
114422978
113815221
113834220
79318033
74567872
72787804
71337617
76822820
68093444
67709326
107219567
67409489
73581861
65514768
62516814
62130091
106015439
66401885
62151737
59983963
61234999
55688003
101752176
56579246
52568511
54148318
49890614
47642033
50743744
47902761
99732561
46825188
95246576
97510657
92384351
45622748
92194986
92730013
89624145
89652303
89075185
79040550
75393513
66602310
65174642
64028794
61512078
61540454
56841482
53576008
53940414
48829354
