287342940
286082083
285565360
283890370
283563922
283246910
281708276
280004098
279400206
278932649
278256606
276726721
275952069
274766108
273032424
271548110
270154603
268681855
266992497
265490729
263793015
262268693
260826341
257538328
255957212
254278336
252649721
250960762
249424464
247782106
246099024
244446242
242785278
241103916
239330290
237848327
236043695
234400921
232758908
231212485
229490365
227919650
226206250
224508701
222712637
221235827
220230496
215201312
214809337
213119687
211577773
209966184
208246833
206595881
204882736
202822701
199053516
197473344
195864273
194123061
192415134
190775949
189060404
187413478
186307139
182609004
181056750
179248934
177688521
175056932
173548563
172767580
171450987
168341384
166946048
165378975
165275770
163646702
161998169
160356411
158513625
157011881
155568181
151890665
150385950
148145189
144078337
141125703
136721116
133804179
129861713
126697720
123153736
121008932
282868078
234987422
214523154
195072617
158796461
120006393
