47840597
76762773
2174788
21783290
140222263
137170238
130017679
3141925
189789489
118801424
116633404
117782457
202250988
204179454
223204308
111787834
202840769
109888638
206759899
112577459
104814261
101153988
207257799
208580509
209082669
209398421
209322739
208885047
206062332
206349686
204453923
195913502
205691020
245046664
195564183
64918290
191441993
245965593
191042173
187751683
243797522
59137582
182508024
178685111
174875137
171094805
174417930
171455706
167174706
170646188
164883055
164138026
159254348
155610135
157931391
153978758
146340677
140218847
143674837
130257274
133359910
122500006
122474028
235389018
118975695
114742188
112253721
105514691
107679426
106226049
231803026
96546975
96057363
96522259
96315703
92178732
88950119
88962523
79884024
76123972
203205599
180353706
189510396
175287707
174107909
78032519
144902818
146041196
144898472
140949848
134951435
136168218
135829114
135420687
131795067
126118384
125791140
122681053
107855112
89201339
