14364462
39660617
47773398
49224700
48783490
60876710
65090253
73140416
76602414
76531204
65725532
77746249
34452546
31442297
61578903
61137748
64087952
81604426
82608133
82591406
62493608
64248460
63092843
60812247
25910872
63768292
25380195
89372799
89316057
63060581
88279004
25345099
90296810
90418595
62489047
88718396
89403162
89106496
86710269
59210156
86062824
56905787
85529556
52532944
52895254
52169274
84477233
84045521
82662768
50953158
50248630
85018223
82685536
81509717
81912458
48196306
46803607
45741437
81975443
44818136
81817249
80920559
80422958
80882331
81502974
81011153
80141474
79121918
43545865
78627299
78984000
78606975
78123698
76681825
77158162
75784373
76533027
75838438
74098943
72106585
71815112
71777296
70634387
66057831
64388637
60990168
60778328
60601905
60822004
60116292
59052969
58515610
57937679
58395289
54519366
52424498
50926147
49419730
49762502
48382073
